0.00e+00 2.27e+01 1.58e+01 1.60e+01 1.80e+01 4.27e+00 1.24e+01 8.11e+00 9.44e+00 1.10e+01 4.54e+00 5.97e+00 4.65e+00 4.26e+00 5.23e+00 2.54e+00 1.86e+00 1.37e+00 5.37e-01 0.00e+00
3.37e+00 2.33e+01 1.64e+01 1.57e+01 1.75e+01 2.56e+00 1.29e+01 8.03e+00 9.57e+00 1.08e+01 3.75e+00 6.32e+00 4.28e+00 4.46e+00 5.21e+00 2.29e+00 1.99e+00 1.28e+00 5.86e-01 0.00e+00
6.55e+00 2.37e+01 1.69e+01 1.53e+01 1.69e+01 9.94e-01 1.33e+01 8.54e+00 9.62e+00 1.05e+01 2.93e+00 6.62e+00 3.87e+00 4.62e+00 5.15e+00 2.02e+00 2.11e+00 1.17e+00 6.30e-01 0.00e+00
9.52e+00 2.39e+01 1.72e+01 1.47e+01 1.62e+01 2.33e+00 1.36e+01 8.98e+00 9.59e+00 1.02e+01 2.08e+00 6.86e+00 3.67e+00 4.75e+00 5.04e+00 1.73e+00 2.21e+00 1.06e+00 6.69e-01 0.00e+00
1.23e+01 2.39e+01 1.74e+01 1.47e+01 1.53e+01 4.00e+00 1.38e+01 9.35e+00 9.48e+00 9.75e+00 1.21e+00 7.04e+00 3.97e+00 4.83e+00 4.90e+00 1.43e+00 2.29e+00 9.30e-01 7.02e-01 0.00e+00
1.49e+01 2.37e+01 1.74e+01 1.56e+01 1.42e+01 5.64e+00 1.39e+01 9.64e+00 9.30e+00 9.25e+00 1.60e+00 7.16e+00 4.24e+00 4.88e+00 4.72e+00 1.12e+00 2.35e+00 8.29e-01 7.30e-01 0.00e+00
1.73e+01 2.34e+01 1.73e+01 1.64e+01 1.31e+01 7.20e+00 1.39e+01 9.84e+00 9.17e+00 8.66e+00 2.45e+00 7.23e+00 4.48e+00 4.89e+00 4.49e+00 7.94e-01 2.40e+00 9.12e-01 7.51e-01 0.00e+00
1.94e+01 2.29e+01 1.70e+01 1.70e+01 1.18e+01 8.69e+00 1.37e+01 9.95e+00 9.62e+00 8.01e+00 3.28e+00 7.23e+00 4.68e+00 4.85e+00 4.24e+00 8.00e-01 2.42e+00 9.95e-01 7.66e-01 0.00e+00
2.14e+01 2.22e+01 1.65e+01 1.75e+01 1.04e+01 1.01e+01 1.35e+01 9.98e+00 1.00e+01 7.28e+00 4.08e+00 7.18e+00 4.84e+00 4.79e+00 3.94e+00 1.11e+00 2.42e+00 1.07e+00 7.75e-01 0.00e+00
2.32e+01 2.17e+01 1.58e+01 1.79e+01 8.87e+00 1.14e+01 1.31e+01 9.92e+00 1.03e+01 6.48e+00 4.85e+00 7.07e+00 4.96e+00 4.96e+00 3.61e+00 1.42e+00 2.41e+00 1.14e+00 7.78e-01 0.00e+00
2.48e+01 2.19e+01 1.51e+01 1.82e+01 7.26e+00 1.26e+01 1.26e+01 9.76e+00 1.06e+01 5.63e+00 5.57e+00 6.90e+00 5.03e+00 5.12e+00 3.26e+00 1.72e+00 2.37e+00 1.19e+00 7.74e-01 0.00e+00
2.61e+01 2.20e+01 1.41e+01 1.82e+01 5.56e+00 1.37e+01 1.22e+01 9.52e+00 1.07e+01 4.73e+00 6.24e+00 6.68e+00 5.07e+00 5.24e+00 2.87e+00 1.99e+00 2.31e+00 1.24e+00 7.88e-01 0.00e+00
2.73e+01 2.19e+01 1.30e+01 1.82e+01 3.81e+00 1.46e+01 1.24e+01 9.20e+00 1.08e+01 3.78e+00 6.86e+00 6.40e+00 5.05e+00 5.32e+00 2.46e+00 2.26e+00 2.24e+00 1.27e+00 8.04e-01 0.00e+00
2.83e+01 2.16e+01 1.18e+01 1.79e+01 3.72e+00 1.54e+01 1.25e+01 8.79e+00 1.07e+01 2.80e+00 7.41e+00 6.08e+00 5.00e+00 5.36e+00 2.03e+00 2.50e+00 2.15e+00 1.30e+00 8.14e-01 0.00e+00
2.91e+01 2.11e+01 1.05e+01 1.76e+01 5.33e+00 1.61e+01 1.25e+01 8.31e+00 1.06e+01 1.79e+00 7.90e+00 6.16e+00 4.90e+00 5.35e+00 1.58e+00 2.72e+00 2.04e+00 1.31e+00 8.17e-01 0.00e+00
2.97e+01 2.05e+01 1.17e+01 1.70e+01 6.88e+00 1.67e+01 1.24e+01 7.76e+00 1.04e+01 1.32e+00 8.33e+00 6.27e+00 4.77e+00 5.30e+00 1.11e+00 2.92e+00 1.91e+00 1.32e+00 8.14e-01 0.00e+00
3.00e+01 1.96e+01 1.32e+01 1.64e+01 8.36e+00 1.72e+01 1.22e+01 7.14e+00 1.01e+01 2.26e+00 8.69e+00 6.34e+00 4.59e+00 5.21e+00 6.41e-01 3.10e+00 1.91e+00 1.31e+00 8.04e-01 0.00e+00
3.02e+01 1.86e+01 1.45e+01 1.55e+01 9.75e+00 1.75e+01 1.19e+01 7.50e+00 9.74e+00 3.18e+00 8.98e+00 6.35e+00 4.37e+00 5.07e+00 2.66e-01 3.25e+00 1.97e+00 1.29e+00 7.87e-01 0.00e+00
3.02e+01 1.74e+01 1.57e+01 1.46e+01 1.10e+01 1.77e+01 1.15e+01 8.25e+00 9.27e+00 4.07e+00 9.19e+00 6.31e+00 4.12e+00 4.90e+00 6.61e-01 3.37e+00 2.01e+00 1.26e+00 7.65e-01 0.00e+00
3.00e+01 1.60e+01 1.67e+01 1.35e+01 1.22e+01 1.77e+01 1.10e+01 8.93e+00 8.73e+00 4.93e+00 9.34e+00 6.22e+00 4.16e+00 4.68e+00 1.09e+00 3.46e+00 2.03e+00 1.22e+00 7.36e-01 0.00e+00
