0.00e+00 9.30e-01 6.89e-01 7.06e-01 7.16e-01 2.52e-01 5.40e-01 3.10e-01 4.09e-01 4.29e-01 2.09e-01 2.54e-01 1.89e-01 1.83e-01 2.06e-01 1.09e-01 7.66e-02 5.70e-02 2.29e-02 0.00e+00
1.00e+00 9.32e-01 7.50e-01 6.72e-01 7.13e-01 1.43e-01 5.54e-01 3.09e-01 4.08e-01 4.27e-01 1.73e-01 2.68e-01 1.72e-01 1.90e-01 2.06e-01 9.89e-02 8.26e-02 5.27e-02 2.49e-02 0.00e+00
1.00e+00 9.33e-01 7.86e-01 6.21e-01 7.06e-01 3.66e-02 5.63e-01 3.44e-01 4.02e-01 4.23e-01 1.33e-01 2.80e-01 1.53e-01 1.95e-01 2.05e-01 8.74e-02 8.77e-02 4.80e-02 2.67e-02 0.00e+00
1.00e+00 9.32e-01 8.07e-01 5.52e-01 6.96e-01 1.23e-01 5.68e-01 3.75e-01 3.92e-01 4.15e-01 9.14e-02 2.89e-01 1.44e-01 1.98e-01 2.02e-01 7.47e-02 9.21e-02 4.28e-02 2.82e-02 0.00e+00
1.00e+00 9.30e-01 8.18e-01 5.29e-01 6.81e-01 2.27e-01 5.68e-01 4.01e-01 3.78e-01 4.05e-01 4.81e-02 2.95e-01 1.60e-01 1.99e-01 1.97e-01 6.12e-02 9.55e-02 3.73e-02 2.93e-02 0.00e+00
1.00e+00 9.26e-01 8.24e-01 5.98e-01 6.61e-01 3.19e-01 5.64e-01 4.22e-01 3.62e-01 3.91e-01 6.69e-02 2.98e-01 1.74e-01 1.99e-01 1.92e-01 4.69e-02 9.80e-02 3.29e-02 3.02e-02 0.00e+00
1.00e+00 9.18e-01 8.24e-01 6.54e-01 6.35e-01 3.95e-01 5.56e-01 4.37e-01 3.49e-01 3.73e-01 1.08e-01 2.99e-01 1.87e-01 1.97e-01 1.85e-01 3.21e-02 9.96e-02 3.68e-02 3.09e-02 0.00e+00
1.00e+00 8.98e-01 8.20e-01 6.94e-01 5.99e-01 4.57e-01 5.44e-01 4.47e-01 3.71e-01 3.52e-01 1.48e-01 2.96e-01 1.98e-01 1.93e-01 1.76e-01 3.22e-02 1.00e-01 4.08e-02 3.12e-02 0.00e+00
1.00e+00 8.35e-01 8.11e-01 7.22e-01 5.51e-01 5.06e-01 5.26e-01 4.50e-01 3.90e-01 3.26e-01 1.85e-01 2.92e-01 2.07e-01 1.89e-01 1.66e-01 4.63e-02 1.00e-01 4.43e-02 3.13e-02 0.00e+00
1.00e+00 7.59e-01 7.95e-01 7.41e-01 4.86e-01 5.45e-01 5.04e-01 4.48e-01 4.08e-01 2.95e-01 2.18e-01 2.85e-01 2.13e-01 1.95e-01 1.54e-01 5.99e-02 9.88e-02 4.75e-02 3.12e-02 0.00e+00
1.00e+00 8.55e-01 7.69e-01 7.54e-01 4.01e-01 5.76e-01 4.78e-01 4.40e-01 4.22e-01 2.60e-01 2.48e-01 2.76e-01 2.17e-01 2.03e-01 1.40e-01 7.29e-02 9.68e-02 5.02e-02 3.08e-02 0.00e+00
1.00e+00 8.91e-01 7.27e-01 7.61e-01 2.93e-01 6.00e-01 4.56e-01 4.26e-01 4.32e-01 2.20e-01 2.75e-01 2.64e-01 2.18e-01 2.08e-01 1.25e-01 8.50e-02 9.40e-02 5.23e-02 3.13e-02 0.00e+00
1.00e+00 9.06e-01 6.56e-01 7.65e-01 1.64e-01 6.19e-01 4.76e-01 4.06e-01 4.39e-01 1.75e-01 2.98e-01 2.51e-01 2.17e-01 2.13e-01 1.08e-01 9.62e-02 9.04e-02 5.39e-02 3.20e-02 0.00e+00
1.00e+00 9.13e-01 5.35e-01 7.64e-01 1.57e-01 6.34e-01 4.95e-01 3.80e-01 4.43e-01 1.27e-01 3.17e-01 2.37e-01 2.13e-01 2.16e-01 8.94e-02 1.06e-01 8.61e-02 5.50e-02 3.24e-02 0.00e+00
1.00e+00 9.16e-01 3.69e-01 7.60e-01 2.76e-01 6.45e-01 5.09e-01 3.48e-01 4.43e-01 7.60e-02 3.33e-01 2.43e-01 2.07e-01 2.17e-01 6.97e-02 1.15e-01 8.12e-02 5.54e-02 3.27e-02 0.00e+00
1.00e+00 9.16e-01 4.88e-01 7.52e-01 3.78e-01 6.52e-01 5.19e-01 3.12e-01 4.39e-01 5.21e-02 3.45e-01 2.52e-01 1.99e-01 2.17e-01 4.90e-02 1.23e-01 7.58e-02 5.52e-02 3.27e-02 0.00e+00
1.00e+00 9.13e-01 6.12e-01 7.39e-01 4.59e-01 6.57e-01 5.24e-01 2.73e-01 4.31e-01 1.00e-01 3.55e-01 2.58e-01 1.88e-01 2.15e-01 2.76e-02 1.29e-01 7.61e-02 5.45e-02 3.25e-02 0.00e+00
1.00e+00 9.09e-01 6.92e-01 7.21e-01 5.22e-01 6.59e-01 5.24e-01 2.89e-01 4.20e-01 1.47e-01 3.62e-01 2.63e-01 1.76e-01 2.11e-01 1.05e-02 1.34e-01 7.93e-02 5.33e-02 3.20e-02 0.00e+00
1.00e+00 9.01e-01 7.43e-01 6.93e-01 5.70e-01 6.59e-01 5.17e-01 3.29e-01 4.03e-01 1.90e-01 3.67e-01 2.65e-01 1.63e-01 2.05e-01 2.85e-02 1.38e-01 8.18e-02 5.16e-02 3.13e-02 0.00e+00
1.00e+00 8.90e-01 7.76e-01 6.54e-01 6.05e-01 6.56e-01 5.05e-01 3.65e-01 3.82e-01 2.30e-01 3.69e-01 2.64e-01 1.63e-01 1.97e-01 4.81e-02 1.41e-01 8.38e-02 4.94e-02 3.03e-02 0.00e+00
