0.00e+00 9.30e-01 6.89e-01 7.05e-01 7.15e-01 2.52e-01 5.39e-01 3.09e-01 4.08e-01 4.27e-01 2.08e-01 2.53e-01 1.88e-01 1.82e-01 2.05e-01 1.08e-01 7.61e-02 5.66e-02 2.27e-02 0.00e+00
1.00e+00 9.32e-01 7.50e-01 6.71e-01 7.12e-01 1.43e-01 5.53e-01 3.08e-01 4.06e-01 4.25e-01 1.72e-01 2.67e-01 1.71e-01 1.89e-01 2.05e-01 9.82e-02 8.20e-02 5.23e-02 2.47e-02 0.00e+00
1.00e+00 9.32e-01 7.85e-01 6.21e-01 7.05e-01 3.65e-02 5.62e-01 3.43e-01 4.00e-01 4.21e-01 1.33e-01 2.79e-01 1.52e-01 1.94e-01 2.03e-01 8.68e-02 8.71e-02 4.76e-02 2.65e-02 0.00e+00
1.00e+00 9.32e-01 8.06e-01 5.51e-01 6.95e-01 1.23e-01 5.66e-01 3.74e-01 3.90e-01 4.13e-01 9.10e-02 2.87e-01 1.44e-01 1.97e-01 2.00e-01 7.42e-02 9.14e-02 4.25e-02 2.79e-02 0.00e+00
1.00e+00 9.30e-01 8.18e-01 5.28e-01 6.81e-01 2.27e-01 5.67e-01 4.00e-01 3.76e-01 4.03e-01 4.79e-02 2.93e-01 1.59e-01 1.98e-01 1.96e-01 6.08e-02 9.48e-02 3.70e-02 2.91e-02 0.00e+00
1.00e+00 9.26e-01 8.23e-01 5.97e-01 6.61e-01 3.18e-01 5.63e-01 4.21e-01 3.60e-01 3.89e-01 6.66e-02 2.96e-01 1.73e-01 1.97e-01 1.91e-01 4.66e-02 9.73e-02 3.27e-02 3.00e-02 0.00e+00
1.00e+00 9.17e-01 8.24e-01 6.53e-01 6.34e-01 3.94e-01 5.55e-01 4.36e-01 3.48e-01 3.72e-01 1.08e-01 2.97e-01 1.86e-01 1.95e-01 1.84e-01 3.19e-02 9.88e-02 3.65e-02 3.06e-02 0.00e+00
1.00e+00 8.98e-01 8.20e-01 6.93e-01 5.98e-01 4.56e-01 5.42e-01 4.45e-01 3.69e-01 3.50e-01 1.47e-01 2.95e-01 1.97e-01 1.92e-01 1.75e-01 3.20e-02 9.95e-02 4.04e-02 3.10e-02 0.00e+00
1.00e+00 8.34e-01 8.11e-01 7.21e-01 5.50e-01 5.05e-01 5.25e-01 4.49e-01 3.89e-01 3.24e-01 1.84e-01 2.90e-01 2.06e-01 1.87e-01 1.65e-01 4.59e-02 9.92e-02 4.40e-02 3.10e-02 0.00e+00
1.00e+00 7.58e-01 7.95e-01 7.40e-01 4.86e-01 5.44e-01 5.03e-01 4.47e-01 4.06e-01 2.94e-01 2.17e-01 2.83e-01 2.12e-01 1.94e-01 1.53e-01 5.95e-02 9.81e-02 4.71e-02 3.09e-02 0.00e+00
1.00e+00 8.55e-01 7.69e-01 7.53e-01 4.01e-01 5.75e-01 4.77e-01 4.39e-01 4.20e-01 2.59e-01 2.47e-01 2.74e-01 2.16e-01 2.01e-01 1.39e-01 7.24e-02 9.61e-02 4.98e-02 3.06e-02 0.00e+00
1.00e+00 8.91e-01 7.26e-01 7.60e-01 2.92e-01 5.99e-01 4.54e-01 4.25e-01 4.31e-01 2.19e-01 2.74e-01 2.63e-01 2.17e-01 2.07e-01 1.24e-01 8.44e-02 9.33e-02 5.19e-02 3.11e-02 0.00e+00
1.00e+00 9.06e-01 6.55e-01 7.64e-01 1.63e-01 6.18e-01 4.74e-01 4.05e-01 4.38e-01 1.74e-01 2.96e-01 2.50e-01 2.16e-01 2.11e-01 1.07e-01 9.55e-02 8.97e-02 5.35e-02 3.17e-02 0.00e+00
1.00e+00 9.13e-01 5.35e-01 7.63e-01 1.57e-01 6.32e-01 4.93e-01 3.79e-01 4.41e-01 1.26e-01 3.15e-01 2.36e-01 2.12e-01 2.14e-01 8.88e-02 1.05e-01 8.55e-02 5.45e-02 3.22e-02 0.00e+00
1.00e+00 9.16e-01 3.68e-01 7.59e-01 2.75e-01 6.43e-01 5.08e-01 3.47e-01 4.41e-01 7.57e-02 3.31e-01 2.42e-01 2.06e-01 2.16e-01 6.93e-02 1.14e-01 8.06e-02 5.50e-02 3.24e-02 0.00e+00
1.00e+00 9.16e-01 4.87e-01 7.51e-01 3.77e-01 6.51e-01 5.18e-01 3.11e-01 4.38e-01 5.19e-02 3.44e-01 2.50e-01 1.97e-01 2.16e-01 4.87e-02 1.22e-01 7.52e-02 5.48e-02 3.24e-02 0.00e+00
1.00e+00 9.13e-01 6.11e-01 7.39e-01 4.59e-01 6.56e-01 5.23e-01 2.72e-01 4.30e-01 9.99e-02 3.53e-01 2.57e-01 1.87e-01 2.13e-01 2.74e-02 1.28e-01 7.55e-02 5.41e-02 3.22e-02 0.00e+00
1.00e+00 9.09e-01 6.91e-01 7.20e-01 5.22e-01 6.58e-01 5.22e-01 2.88e-01 4.18e-01 1.46e-01 3.60e-01 2.61e-01 1.75e-01 2.10e-01 1.04e-02 1.33e-01 7.86e-02 5.29e-02 3.18e-02 0.00e+00
1.00e+00 9.01e-01 7.42e-01 6.93e-01 5.69e-01 6.57e-01 5.16e-01 3.28e-01 4.02e-01 1.89e-01 3.65e-01 2.64e-01 1.62e-01 2.04e-01 2.83e-02 1.37e-01 8.12e-02 5.12e-02 3.11e-02 0.00e+00
1.00e+00 8.90e-01 7.75e-01 6.54e-01 6.04e-01 6.54e-01 5.04e-01 3.64e-01 3.81e-01 2.29e-01 3.67e-01 2.63e-01 1.62e-01 1.96e-01 4.78e-02 1.40e-01 8.31e-02 4.90e-02 3.01e-02 0.00e+00
