0.00e+00 -1.12e+00 -4.18e+00 -5.25e+00 3.34e+00 3.26e+01 8.67e+01 1.25e+02 6.86e+01 -7.60e+01 -2.66e+02 -4.65e+02 -6.41e+02 -7.67e+02 -8.08e+02 -5.87e+02 -2.61e+02 -9.84e+01 -2.43e+01 -3.15e-01
0.00e+00 -1.80e+01 -1.96e+00 -4.58e-02 1.08e+01 5.36e+01 1.63e+02 3.72e+02 4.44e+02 3.24e+02 1.25e+02 -1.01e+02 -3.04e+02 -4.50e+02 -5.15e+02 -4.63e+02 -2.99e+02 -1.51e+02 -5.66e+01 -3.39e+00
0.00e+00 -4.82e+01 -8.38e+01 -8.86e+01 -1.56e+00 2.09e+01 1.11e+02 3.68e+02 7.68e+02 7.81e+02 5.51e+02 2.70e+02 3.55e+00 -1.87e+02 -2.91e+02 -3.09e+02 -2.49e+02 -1.56e+02 -7.12e+01 -5.38e+00
0.00e+00 -6.30e+01 -1.37e+02 -2.33e+02 -3.27e+02 -2.52e+02 -1.40e+01 1.11e+02 3.96e+02 7.47e+02 9.01e+02 6.94e+02 2.96e+02 2.82e+01 -1.15e+02 -1.75e+02 -1.72e+02 -1.28e+02 -6.77e+01 -5.88e+00
0.00e+00 -6.14e+01 -1.47e+02 -2.82e+02 -5.43e+02 -7.96e+02 -6.24e+02 -3.36e+02 -6.23e+00 2.07e+02 4.76e+02 6.71e+02 5.09e+02 1.72e+02 8.99e+00 -7.24e+01 -9.93e+01 -8.80e+01 -5.33e+01 -5.15e+00
0.00e+00 -4.92e+01 -1.23e+02 -2.43e+02 -4.56e+02 -8.21e+02 -1.09e+03 -1.02e+03 -7.01e+02 -3.54e+02 -1.56e+01 1.82e+02 2.76e+02 1.79e+02 6.57e+01 -7.86e+00 -4.43e+01 -5.11e+01 -3.57e+01 -3.80e+00
0.00e+00 -3.35e+01 -8.63e+01 -1.71e+02 -3.11e+02 -5.26e+02 -7.92e+02 -1.06e+03 -1.21e+03 -1.06e+03 -7.10e+02 -3.49e+02 -8.49e+00 6.12e+01 5.10e+01 1.58e+01 -1.19e+01 -2.41e+01 -2.03e+01 -2.41e+00
0.00e+00 -1.93e+01 -5.12e+01 -1.02e+02 -1.82e+02 -3.05e+02 -4.73e+02 -6.72e+02 -8.86e+02 -1.10e+03 -1.22e+03 -1.05e+03 -6.77e+02 -3.09e+02 -1.07e+01 7.68e+00 -2.04e-01 -8.51e+00 -9.57e+00 -1.30e+00
0.00e+00 -9.29e+00 -2.48e+01 -4.74e+01 -8.01e+01 -1.30e+02 -2.11e+02 -3.35e+02 -5.01e+02 -6.93e+02 -8.95e+02 -1.09e+03 -1.17e+03 -9.48e+02 -5.17e+02 -1.66e+02 -2.93e+00 -1.62e+00 -3.33e+00 -5.65e-01
0.00e+00 -3.38e+00 -9.15e+00 -1.44e+01 -1.44e+01 -5.81e+00 1.33e+00 -3.20e+01 -1.39e+02 -3.04e+02 -4.97e+02 -6.90e+02 -8.58e+02 -9.81e+02 -9.22e+02 -4.72e+02 -1.71e+02 -4.47e+01 -7.98e-01 -1.34e-01
-1.32e+00 -5.94e-02 -1.98e+00 -1.14e+00 1.26e+01 5.61e+01 1.47e+02 2.49e+02 2.24e+02 8.45e+01 -1.11e+02 -3.18e+02 -4.99e+02 -6.24e+02 -6.61e+02 -5.23e+02 -2.73e+02 -1.17e+02 -3.53e+01 0.00e+00
-4.10e+00 -3.51e+01 -3.82e+01 2.10e-02 8.21e+00 5.01e+01 1.70e+02 4.62e+02 6.34e+02 5.04e+02 2.88e+02 4.07e+01 -1.80e+02 -3.36e+02 -4.10e+02 -3.84e+02 -2.71e+02 -1.48e+02 -5.86e+01 0.00e+00
-5.61e+00 -6.24e+01 -1.18e+02 -1.65e+02 -1.41e+02 1.34e+00 7.06e+01 2.88e+02 6.99e+02 8.95e+02 7.39e+02 4.19e+02 1.11e+02 -9.86e+01 -2.12e+02 -2.45e+02 -2.10e+02 -1.39e+02 -6.48e+01 0.00e+00
-5.66e+00 -7.09e+01 -1.56e+02 -2.84e+02 -4.78e+02 -4.76e+02 -2.52e+02 3.72e+00 2.21e+02 5.25e+02 7.99e+02 7.84e+02 3.83e+02 8.56e+01 -6.16e+01 -1.28e+02 -1.36e+02 -1.06e+02 -5.69e+01 0.00e+00
-4.67e+00 -6.32e+01 -1.48e+02 -2.89e+02 -5.66e+02 -9.37e+02 -8.99e+02 -6.14e+02 -2.83e+02 1.14e+01 2.58e+02 4.52e+02 4.19e+02 1.77e+02 3.35e+01 -4.32e+01 -7.30e+01 -6.89e+01 -4.20e+01 0.00e+00
-3.28e+00 -4.71e+01 -1.15e+02 -2.25e+02 -4.12e+02 -7.06e+02 -1.03e+03 -1.17e+03 -9.91e+02 -6.42e+02 -2.86e+02 3.90e+00 1.44e+02 1.30e+02 6.04e+01 3.35e+00 -2.88e+01 -3.73e+01 -2.65e+01 0.00e+00
-1.96e+00 -2.99e+01 -7.49e+01 -1.47e+02 -2.63e+02 -4.39e+02 -6.61e+02 -8.98e+02 -1.13e+03 -1.21e+03 -9.99e+02 -6.32e+02 -2.71e+02 3.02e+00 2.76e+01 1.31e+01 -6.00e+00 -1.61e+01 -1.41e+01 0.00e+00
-9.89e-01 -1.60e+01 -4.08e+01 -7.90e+01 -1.39e+02 -2.31e+02 -3.62e+02 -5.32e+02 -7.27e+02 -9.34e+02 -1.14e+03 -1.20e+03 -9.55e+02 -5.57e+02 -1.99e+02 8.01e-02 8.62e-02 -5.01e+00 -6.08e+00 0.00e+00
-3.87e-01 -6.98e+00 -1.76e+01 -3.12e+01 -4.73e+01 -7.00e+01 -1.15e+02 -2.06e+02 -3.51e+02 -5.34e+02 -7.31e+02 -9.23e+02 -1.09e+03 -1.07e+03 -7.27e+02 -2.81e+02 -6.86e+01 -9.60e-02 -1.58e+00 0.00e+00
-2.91e-02 -1.97e+00 -5.41e+00 -5.96e+00 4.23e+00 3.48e+01 8.26e+01 9.49e+01 1.19e+01 -1.47e+02 -3.41e+02 -5.36e+02 -7.04e+02 -8.17e+02 -8.34e+02 -5.01e+02 -2.10e+02 -7.24e+01 -1.35e+01 0.00e+00
